Tag	p.value	HR	Low 95%CI	High 95%CI
MNDA	0.0392748176384952	0.865908882388601	0.755123897023154	0.992947244227506
CD33	0.0428655737292072	0.863708349056786	0.749511730837334	0.995304118051624
C1orf162	0.192403437354698	0.912881518978373	0.795963166126116	1.04697390929296
BTK	0.00306195772234597	0.814851730924654	0.711587122835649	0.93310196613024
LY86	0.0454125608834666	0.867981858718798	0.755573420293741	0.997113565445494
ALOX5AP	0.0906891645379174	0.889496575036628	0.776652232944182	1.01873673111393
IGSF6	0.0210043686024311	0.846493242333475	0.734782047955837	0.975188236171098
DOK2	0.117492116886803	0.893947250637285	0.776875280034017	1.02866149491456
PTPRO	0.0472444357330872	0.858575303828225	0.738520283472839	0.99814665736373
CD300C	0.150460690703009	0.902652008640548	0.785039599976901	1.03788477514611
MRC1	0.035644780125083	0.862081598280086	0.750623259669966	0.990090131792492
NLRC4	0.0249875485676487	0.844873120968274	0.729089445535837	0.979043922395646
LST1	0.0344621350138336	0.859308488805662	0.746645382611187	0.988971600348054
AIF1	0.162187527375258	0.906419957332612	0.789761079749832	1.04031100052576
ITGAM	0.1499942021205	0.903486099551142	0.786879325575734	1.03737270195132
CD300LF	0.0109853680861634	0.82959569067469	0.718354079572159	0.958063759303649
NCKAP1L	0.0613058067779579	0.876971317492083	0.764308770346995	1.00624083033175
SIGLEC9	0.287953045593206	0.926925434172054	0.805861277649779	1.06617700135785
TNFAIP8L2	0.0488782810942632	0.871528512094822	0.760075841963337	0.999323890405733
RASGRP4	0.0520135507595392	0.863524630410511	0.744721340643916	1.00128027307619
CSF1R	0.319373966281914	0.93188792004037	0.811075020226979	1.07069638918745
MS4A6A	0.191560437424121	0.911552851517579	0.793275201804834	1.04746574608576
LAIR1	0.153962780478518	0.905137746546524	0.78923723419963	1.0380583995814
HAVCR2	0.402346313947867	0.943609475673425	0.823750069463072	1.08090897420021
CD4	0.106654894145511	0.89389310722194	0.780023367107889	1.02438583359564
SPI1	0.303667133045546	0.930414483075142	0.810943397949235	1.06748647625118
HCK	0.226143539228516	0.917680070437343	0.798502167791976	1.05464549207996
CYBB	0.153415085314253	0.905844557980012	0.790844613233401	1.03756711431229
CD86	0.219709122159622	0.919309107367801	0.803731124132103	1.0515074127582
CD80	0.052990099502558	0.865515962914546	0.747723421641575	1.00186494147162
HLA-DRA	0.00942109002216842	0.836897612485002	0.731642682402372	0.957294633882373
C3AR1	0.430677834173903	0.945393404225073	0.822161377768436	1.0870964179541
P2RY13	0.00177411386103839	0.790135001177919	0.681638509070595	0.915900894357734
ITGB2	0.236945862946926	0.920132272764803	0.801568871524528	1.05623288211413
OLR1	0.130844368724902	0.896786124039657	0.778594399402496	1.03291951867011
OSCAR	0.147962993947871	0.902566773566108	0.785536198123339	1.03703277161726
GPR65	0.0230157342901761	0.84628995949455	0.732866974897266	0.977266980329801
RNASE6	0.266004929543128	0.925712904963004	0.807988839348543	1.06058938030131
MSR1	0.356347148740102	0.93659112747497	0.814881863014656	1.07647866504185
FCGR2A	0.55636691152037	0.959175042202776	0.834802652190959	1.10207695096571
NCF2	0.657773927363392	0.969123083698661	0.843555695252225	1.11338179167504
SPN	0.0138357911606752	0.832727595955786	0.719786300346153	0.963390451767173
SLCO2B1	0.123326215787292	0.897986572029678	0.783128968898477	1.02968976448392
LAPTM5	0.30223235294275	0.93204079244375	0.815392640092907	1.06537635497935
HLA-DPA1	0.0196719054672639	0.851124527132702	0.743307619970093	0.97458029653458
HLA-DPB1	0.00907657554935635	0.835049267403202	0.729295035109586	0.956138799005872
LAT2	0.348741782636265	0.938180257246267	0.82095305599353	1.07214680384064
SNX20	0.0181214219032198	0.840866032943026	0.728275460239933	0.970862982427556
MS4A4A	0.372037473009205	0.938625393612311	0.816761761345695	1.07867149422165
SAMHD1	0.383975468312512	0.941165989737447	0.821071877803136	1.07882567188697
HLA-DMB	0.00503750292744341	0.823115045156717	0.718425282421857	0.943060321150428
LPXN	0.0452262775494819	0.86145578637837	0.744462998071772	0.996834058652879
CD53	0.0758046556174781	0.885213177350418	0.773742520193939	1.01274306232829
P2RY12	0.00664168302501417	0.807247765878809	0.69160399560056	0.94222844237686
TYROBP	0.23790388310557	0.920563017806312	0.802341339714942	1.05620417122436
TLR7	0.0113355434987882	0.825305421071107	0.711332473565759	0.957539636332082
FGD2	0.0129030253285045	0.827006163468227	0.712006500937529	0.960579985595446
LCP2	0.129678820206574	0.897351930182568	0.780055238373507	1.03228649330192
SELPLG	0.16373990573451	0.905089731939815	0.786572924773143	1.04146404873922
NLRP3	0.0841903906639572	0.879523208757762	0.760272359649364	1.01747888756644
VSIG4	0.278312452105952	0.926205035450592	0.806338457662802	1.06389042906443
MS4A7	0.0235592101994383	0.850399927777068	0.739101285417211	0.978458638121591
DOCK2	0.0550453238719799	0.869733092555475	0.754158356376336	1.00301965215995
RGS18	0.20166675750403	0.910399891639821	0.788228333574755	1.05150744700957
CD84	0.0517220816201429	0.869423125169226	0.755107330313147	1.00104520276018
PLEK	0.076623981393625	0.881891304494554	0.767349089656904	1.01353123816286
FPR3	0.555527380399846	0.960431309485738	0.839789122777261	1.09840467710505
NCF4	0.0878834940938526	0.887146751378339	0.773165928921851	1.01793073005509
FGR	0.059189923497262	0.875340669852991	0.7622745017834	1.00517764467531
PLXNC1	0.128309642300841	0.897445913089605	0.78063272486477	1.03173892314181
TREM2	0.049347308444841	0.867218964304504	0.752374843612768	0.999593139555382
ALOX5	0.151949455390103	0.901738714310834	0.782761220878696	1.03880045050541
CD83	0.0429365153141207	0.863600396641168	0.749291120151325	0.995348303244487
FCER1G	0.454502530802438	0.9495655292892	0.829141446513525	1.08747994471359
TRPV2	0.282872899579004	0.926333870358766	0.805591074122575	1.06517371770592
GPR34	0.0685145073156261	0.876828886875551	0.761191489580491	1.01003349010528
CCR2	0.000593196789113956	0.773610565409113	0.668204433169985	0.895644023302013
FOLR2	0.0773146081679687	0.881259207108347	0.765939820099923	1.01394100389234
HLA-DRB1	0.0147159432407273	0.842563999047829	0.734218161337536	0.966898028234836
LRRC25	0.455768970621883	0.948774051549136	0.826321686522982	1.08937259613835
TLR8	0.0624473548860313	0.871516602119436	0.754130347708622	1.00717494008513
PLEKHO2	0.294701854105767	0.929402050354944	0.810457841629699	1.06580271895085
EVI2B	0.0539684185023517	0.872463955177968	0.75942380299662	1.00233012197034
ARHGEF6	0.017720665206726	0.845267277091307	0.735621949881142	0.971255370828445
CLEC10A	0.00669711643313903	0.816988519911286	0.705933260364919	0.945514652931635
PILRA	0.307098647647303	0.931355958358875	0.812545513149633	1.06753887275584
ATP8B4	0.0379729005726923	0.854874852609676	0.737199279825911	0.99133441068607
HLA-DQA1	0.0295940919590599	0.857825124947104	0.747128781513974	0.984922496894535
CXorf21	0.00186250082724027	0.80007788052244	0.69520181734582	0.920775232356531
CD74	0.015557082574905	0.848276414292862	0.742402059405122	0.969249567575474
LCP1	0.0862750655014081	0.887948123819992	0.77520440868618	1.01708899196241
PTPN22	0.174140478437331	0.904696238345137	0.7830176228492	1.0452833496871
GMFG	0.0173171058086564	0.845532918398587	0.736408962820938	0.970827287811637
CD52	0.00683060726708534	0.819441273247439	0.709341214205567	0.946630460565326
PIK3CG	0.00464837601883172	0.81342486804256	0.705043614494363	0.93846678751155
CLEC5A	0.351241716735646	0.934557672313299	0.810595011127472	1.07747769341046
CD37	0.0242814063760282	0.851513825331138	0.740377986230709	0.979331919931136
TFEC	0.102239442670696	0.886861525970405	0.767914749466168	1.0242326596713
TLR4	0.100865661990053	0.888105547943826	0.77072564119402	1.02336216953505
CASP1	0.329598718013921	0.93077617878211	0.805772450145518	1.07517239492585
CYTH4	0.0647249614908392	0.877083863970629	0.763138915229525	1.00804203413775
CLEC7A	0.0175783724683252	0.847250352940054	0.738904198174458	0.971483397077091
IRF8	0.013661255238434	0.835821498532982	0.724788039854804	0.963864659728475
COLEC12	0.149615221717459	0.898761900094071	0.777302547636172	1.03920018725938
HK3	0.125116566424783	0.896915666398345	0.780493509711326	1.03070391056592
PTGER4	0.324129935956725	0.931502338928221	0.808962556054649	1.07260416558777
PIK3R5	0.103894742737742	0.887717908915471	0.769017220310042	1.02474049344635
MYO1F	0.0560105769773586	0.869777163499268	0.753810157662619	1.0035846644606
HLA-DOA	0.0143891445065035	0.839166416412168	0.729227346764625	0.965680014001638
SIGLEC1	0.372795599942604	0.936936734491806	0.811891011404104	1.08124173332329
GAPT	0.00758225102163783	0.817108484176097	0.704514697799998	0.947696729390449
SIRPB2	0.419512507661287	0.943930237243498	0.820533818108575	1.08588369317481
FAS	0.686778128542894	0.970667349453596	0.839893703944415	1.12180279346114
F13A1	0.178247373975723	0.906733665466952	0.78627084027979	1.04565233501292
KBTBD8	0.00670525246145497	0.818504368600059	0.708176097576694	0.946020917268855
ARHGAP18	0.127940625940371	0.899406586379911	0.784645288526019	1.03095273680056
PTPRC	0.0143931493660801	0.838455633325462	0.728111203515616	0.9655226367357
PARVG	0.0370951718611785	0.857069680822481	0.741379604808774	0.990812848128751
DOCK8	0.0586977249491482	0.868133562239083	0.749747230406309	1.00521329232186
FGL2	0.11711189166762	0.891752057323646	0.772700509864205	1.02914612011931
PIK3AP1	0.658987481312632	0.968883297274198	0.841976496515269	1.11491810949844
ABI3	0.212327809901609	0.913887507708395	0.793296491000826	1.05280987149178
ADAP2	0.356099961933799	0.93285061131798	0.804815996859603	1.08125368585105
C1QB	0.852159336465293	0.986655353784549	0.856652349599151	1.13638722593504
RTN1	0.0231623290662904	0.841695111372695	0.725359312706849	0.976689273988837
NFAM1	0.124423108523744	0.89659595866558	0.78005982330118	1.03054187522881
CCL13	0.0499808399609711	0.86501363502053	0.748257663849914	0.999987871719969
GLIPR2	0.400743643280381	0.940627371946968	0.815482924547489	1.08497655342915
PRAM1	0.0169331862028555	0.834618586372978	0.719537003357518	0.968106131399489
SLC15A3	0.651823794593087	0.96736446553893	0.837528078718168	1.11732852063855
MPEG1	0.0461550947693216	0.869020660805893	0.757007314601153	0.997608470012478
WAS	0.114574888612362	0.896319466673024	0.782379568016722	1.0268527185258
SLC37A2	0.265914508965032	0.923502810540332	0.802693206591145	1.06249490349841
CCL23	0.121739674098414	0.89033953414417	0.768540256490617	1.03144172262333
TAGAP	0.0163918589535261	0.839959382036142	0.728459711082456	0.968525441746328
GAB3	0.00278893815271043	0.796154107399721	0.685649437963766	0.924468580637768
EVI2A	0.0625044729278503	0.875673482365365	0.761506652234503	1.00695646645743
C1QC	0.943499163774411	0.994881657575594	0.863258170214895	1.14657416139365
C1QA	0.685987924013331	0.971386339846986	0.843862722817508	1.11818118720879
ANKRD44	0.00263525953838745	0.796360661224683	0.686532139468026	0.923759087575463
MARCO	0.234214201233706	0.918142588227636	0.7976275432804	1.0568664778681
FCN1	0.0315695078471856	0.853458125594321	0.738655417577947	0.986103607730066
DOCK10	0.275324146032624	0.923288633539727	0.799945122658091	1.06565047611149
ARHGAP31	0.294179337362273	0.926414804780952	0.803127153996617	1.06862828164436
STAC	0.456974174556591	0.944369437670081	0.8121618411468	1.09809842031732
ADORA3	0.168829916523616	0.901601700938307	0.777923314406142	1.04494313524386
GIMAP4	0.149400701762016	0.900290148880935	0.780484493378205	1.03848616987102
RAC2	0.869521476297251	1.01221847679504	0.875676661169524	1.17005087630961
CSF2RB	0.0295481938355784	0.857829994054567	0.747165946588803	0.984884686004889
DPEP2	0.00144623429659282	0.778427991501532	0.667240911723688	0.908142962019151
MEF2C	0.0801188646714429	0.878764138688694	0.760344433211646	1.01562709965988
ARHGAP30	0.0212797761147517	0.846599748712287	0.734730891261342	0.975501565327226
SLA	0.0762902277835556	0.882932115662546	0.769378619394931	1.01324510613698
ZEB2	0.0958766687937393	0.887577104848866	0.771335336283324	1.0213367390218
PTAFR	0.555841668981478	0.959313982959943	0.835480263434264	1.10150216370117
TESPA1	0.00621904845040763	0.809682061932079	0.696040761107533	0.941877369899174
PIK3R6	0.212437908915902	0.908320852523185	0.780901676970135	1.05653092503219
DPYD	0.444030412697731	0.947382613393637	0.824924671070851	1.08801912178896
IL10RA	0.0450673197581724	0.867406905746918	0.754751554903938	0.996877363483147
LIPA	0.167353625728778	0.906253072341686	0.788071808346475	1.04215710095249
GLIPR1	0.936011233401578	0.994437323952646	0.867831275651234	1.13951365779945
DAB2	0.614898868964135	0.96461349946587	0.838294504225784	1.10996696108744
CD1C	0.00411986738610509	0.800268861427194	0.687270193907216	0.93184639207042
LRRC8C	0.851736543928481	0.986336854520191	0.853829269803794	1.13940857381048
TRIM22	0.0319338476148253	0.853678383929805	0.738792276639899	0.986429888660324
P2RX7	0.0539611131062263	0.865202814112382	0.746732569761428	1.00246854076172
SIRPA	0.317731178025754	1.0743105730707	0.933390563147434	1.23650618827736
SLC7A7	0.681660462006968	0.971288529509186	0.845078640793065	1.11634747586423
S100B	0.0566015422964603	0.867159770693541	0.748959254850866	1.00401465505491
CPVL	0.21679130855689	0.915551577665982	0.795935801383025	1.05314359513688
GNAI2	0.90945084925824	0.991572462190328	0.857003787728012	1.14727141449488
TNFSF13B	0.745479498457591	1.02382370197877	0.888148761146471	1.18022455087413
IKZF1	0.0408509198344762	0.860059522315253	0.744356019711224	0.993748102167711
ARHGAP15	0.0046494466548194	0.809110540523084	0.698723653708553	0.936936746467474
OGFRL1	0.782325705283054	0.980081312826423	0.849721443019061	1.13044031975784
PPM1M	0.000784594493054469	0.798837851433295	0.700695935294336	0.910725866583632
MCEMP1	0.0468466105005405	0.858705390472189	0.738943088344363	0.997877859955518
SPRED1	0.698910062972819	0.971891204637051	0.841150054669614	1.1229536375907
SAMSN1	0.148191723010162	0.903820608937391	0.788047305314234	1.03660235576115
ACP5	0.0476644286154211	0.863605539590174	0.746941099451625	0.998491753310112
LHFPL2	0.143222441730253	1.11067407675112	0.965055125681804	1.27826574041087
STX11	0.221538644190177	0.914606526282522	0.792648742736579	1.05532886487726
CD200R1	0.000162251460234414	0.736795493293004	0.628652501544044	0.863541618944545
EMP3	0.233021878758994	1.09159736554643	0.945169547857604	1.26071011404128
CYSLTR1	0.0830449590080444	0.872172127654523	0.747199166785755	1.01804746856139
CCR5	0.127240731578805	0.891057034401519	0.768291534625048	1.03343926461967
STAC3	0.476643856668533	0.951097266380909	0.828436226853337	1.0919199098199
CD163	0.734440312630612	0.976122273384872	0.848910722423581	1.12239681680287
CD28	0.0369594199126141	0.855515772333653	0.7388517273445	0.990600968535578
NRROS	0.0890151771697701	0.883101645226328	0.765222759646611	1.01913920615952
CCR1	0.776338255154054	0.979771398578074	0.850931303160182	1.12811926169195
N4BP2L1	0.00643826361330114	0.812353521388351	0.699550431542682	0.943346203442075
CSF2RA	0.735644200765331	0.975576940749831	0.845129891014189	1.12615868571476
PTCRA	0.0675958240207433	0.864304658188381	0.739180008399411	1.01060977526125
GIMAP2	0.222248168249512	0.914131049954723	0.791401401196335	1.05589347608953
FAM49A	0.0460850107056995	0.86594102076052	0.751731176443445	0.997502664427788
CD300A	0.497917936693995	0.953365163316164	0.830388927516841	1.09455353329771
CD40	0.293264827633254	0.928745756401591	0.809148610474993	1.06602009676271
SLC2A9	0.353770423818168	0.933130676636628	0.806143169354265	1.08012186021225
KCTD12	0.0768507542372789	0.888523595628281	0.779480115392355	1.01282144906394
ARHGDIB	0.115406493353703	0.893749064942533	0.777109444112812	1.02789561642452
AOAH	0.424214385972934	0.942769114896004	0.815889641435081	1.08937968919233
ITGAX	0.0697486460570159	0.88121762255929	0.768656643050505	1.01026187092749
PLD4	0.0178270351132918	0.833127740952324	0.716338957682554	0.968957258711475
PDCD1LG2	0.922240178864173	0.992890844092265	0.860372687317804	1.14581999500189
GNGT2	0.170563323066954	0.902161684757364	0.778630345052126	1.04529153097643
MILR1	0.405526467879987	0.940585687070926	0.814172672150258	1.08662629560651
GPR183	0.292588022050062	0.927441868340243	0.806057058100573	1.06710611923346
IL7R	0.0548125683116563	0.868215117216218	0.751603775896491	1.00291871054488
GNG2	0.406967556919776	0.941522087427626	0.816539738796193	1.08563465927692
CD180	0.0792982044134097	0.881711185487746	0.766054258055246	1.01482970225608
CPA3	0.0175856757796044	0.844666905210834	0.734789852636195	0.970974460519249
IL16	0.00106160702379863	0.782906517443757	0.676197318543208	0.906455258320795
PTGS1	0.589656837684821	0.959996286105385	0.827630025589971	1.11353242492523
FMNL3	0.179905772518203	0.908038577775642	0.788629301344346	1.045528053958
CPED1	0.0101910638868667	0.826851179809352	0.715215832738258	0.955911267979885
RCSD1	0.0281651462501045	0.850977396545872	0.736783116459855	0.982870689154082
CMKLR1	0.203944811717868	0.911205055982562	0.789426680686409	1.05176918181463
CIITA	0.00426060230680563	0.805615267601643	0.694634166605406	0.934327723274152
DAPP1	0.955909155370836	0.996000282759114	0.864086171600136	1.14805281679163
RASSF2	0.0371110327444567	0.86380480810209	0.752716037985123	0.991288492400951
CX3CR1	0.00511670965322498	0.802054880918236	0.687287470760921	0.935986845930064
KAT2B	0.0551829919372044	0.870418847079494	0.755300306582305	1.0030830952253
BCL2A1	0.717128218943165	0.974193998910214	0.845706617302304	1.12220234310101
HLA-DMA	0.00130439302648482	0.796726146846857	0.693656123983957	0.915111293797388
FAM78A	0.0528799908306298	0.864191240903933	0.745472702642409	1.00181602653977
AP1S2	0.880709068045136	0.989024911843871	0.8562729908973	1.14235797070131
GIMAP6	0.0513795550646841	0.868116637063047	0.7529884493862	1.0008473518551
HLA-DQB1	0.0121765934986783	0.839805679917038	0.732658683817984	0.962622290021381
DCSTAMP	0.0380285836573071	0.847656113726325	0.725110188973169	0.990912688946098
CD1E	0.00334412860776655	0.791796407257643	0.677470037909475	0.925415908400489
CD14	0.596683254626547	0.962751692521619	0.836477915873273	1.1080876181717
CLECL1	0.00254980431881617	0.794465905887598	0.684176358769263	0.922534179276815
VAV1	0.34069795360152	0.936102661687352	0.817209568351091	1.07229311446543
ARHGAP25	0.0185902896486956	0.841757949463558	0.729269417708366	0.971597640432584
CSF1	0.433504264980534	0.944352538866503	0.818291255696714	1.08983410424484
ICOS	0.0372312715932379	0.854013046716766	0.736179901148719	0.990706596070349
TNFSF8	0.0207252508498571	0.840463959542751	0.725366708163014	0.973824217931341
GPNMB	0.0961962906640867	0.886505952034833	0.769205314448859	1.02169445300346
FLI1	0.147134358309175	0.899359513686832	0.779207946485037	1.03803809818378
TREML1	0.000981289467923033	0.75901668156961	0.644227610423053	0.894258975523611
GAL3ST4	0.930288320812367	0.99357755024934	0.860022355533786	1.14787289191659
CD1B	0.0050719875881833	0.79594113879803	0.678514217313519	0.933690525954559
CD44	0.618971068325854	1.037093904861	0.898414674657396	1.19717965193523
CARD16	0.733624513311469	0.975421443962307	0.845174982191098	1.1257396555621
STK10	0.9718575342882	0.997456031749066	0.865834407451157	1.14908639193658
CLEC12A	0.0112537187366523	0.818215013789616	0.700636056646961	0.955525771817478
MYO1G	0.525499418550279	0.953052143834187	0.821576464086205	1.10556768428999
C5AR1	0.717513410614671	1.02486889095436	0.897165925223317	1.17074914919954
CYP27A1	0.00299914768372936	0.799242845033313	0.689298619901577	0.926723348768864
LYZ	0.184865938152934	0.911880719536462	0.795644014673335	1.04509860104174
TRAF1	0.59374527410098	0.959725725967701	0.825181156365803	1.11620758905929
APOBR	0.203364369704622	0.911415539262939	0.790035491133688	1.05144426362155
MAFB	0.720807700707708	0.974016812157247	0.843066541488612	1.12530708274796
DSE	0.201029387337261	1.09487891187404	0.952846662867456	1.25808262586448
CTSS	0.15872343271671	0.902313400229871	0.782122517143226	1.04097434147302
GIMAP1	0.0301788914490627	0.845845205139459	0.727027306413723	0.984081484623463
SLC9A9	0.136619470481244	0.894401010239316	0.772170041320366	1.03598057980757
ITGA4	0.0437124175614812	0.862716084726768	0.747384851703487	0.995844431620302
ARHGAP9	0.00961171626935276	0.823826473229759	0.711430685310054	0.953979174651986
EMILIN2	0.657327946957299	0.96919035881466	0.844035827803817	1.112902936909
TMEM52B	0.244509154020147	0.915709709525007	0.789502171681928	1.06209242000185
MFNG	0.0403431544835768	0.859832189990378	0.744242763787664	0.993373978110425
RETN	0.130657112350319	0.890613946206901	0.76639465681244	1.0349670292291
SLC1A3	0.488831121030025	0.950112319512433	0.821943418214452	1.09826710657323
ITGAL	0.0109946182315789	0.824949152764306	0.711232974779869	0.956846952796556
SH3BGRL	0.363255768326977	0.937857473591304	0.816715480227299	1.0769682491218
FPR1	0.73566338268536	0.97725190647752	0.85504485397856	1.11692536861685
PLA2G4C	0.701606928635612	0.97259798154359	0.843738941532422	1.12113686726917
SELL	0.874886610669266	0.988194479986903	0.852396997032684	1.14562619727195
FCGR2B	0.139226240615908	0.899423377757279	0.781527820929758	1.03510379386612
KCNAB2	0.0889084475172226	0.88211948635379	0.763428894469444	1.01926295145778
ATP6V1B2	0.0644936804454059	0.872573283556304	0.755166543278598	1.00823340487336
IL12RB1	0.141982380988511	0.893849631279655	0.769513601878826	1.03827555664778
CCR4	0.00496177809028384	0.803808708720296	0.69021664992885	0.936095123583577
LILRB2	0.669721819812711	0.969859024578873	0.84262206602744	1.1163089188866
APBB1IP	0.530800732831226	0.953991372476838	0.82334074669353	1.1053741022962
LYL1	0.0549570030687806	0.867653399282895	0.75055675742811	1.00301864427524
RCBTB2	0.0041536500371613	0.811958413055872	0.704161546476013	0.936257408305763
TGFB1	0.574392586863167	1.04226435175813	0.902059226196323	1.20426125846128
CD274	0.500111046979396	1.0509927996453	0.90953190391803	1.21445532602869
CCL17	0.0342719075279883	0.851137937583369	0.733141917085701	0.988124907212183
STAT5A	0.29031260475444	0.926700927855089	0.804751786179636	1.06712979633672
HLA-E	0.424949193446521	0.943708626352583	0.818515613513165	1.08805007106679
CR1	0.0678031886706889	0.86796169670519	0.745590781179984	1.01041687472996
BTN3A3	0.387176099965546	0.935574845689291	0.80450316620962	1.08800105288644
DNAJC5B	0.0181520921471566	0.831072266890486	0.71280379401887	0.968963855958667
IFFO1	0.0861165167978575	0.877763453667335	0.756335236770326	1.01868674515818
NFATC2	0.150886580370981	0.90210221265352	0.783795254961787	1.03826655867424
PRKCB	0.0147536031782634	0.829553611804789	0.713857623534942	0.964000624453213
WIPF1	0.561664322820953	0.959031977354011	0.832687122317686	1.10454732508358
HCLS1	0.0401818842925167	0.869686151523593	0.761099194138137	0.993765343567875
CCRL2	0.22260175590716	0.912936703796854	0.78862163556179	1.05684828764017
MFSD1	0.984178403184055	0.998574836161732	0.867289659801168	1.14973318561648
GPR82	0.0361382379993736	0.849968872497724	0.730076019306428	0.989550492154745
GPR68	0.805962950073105	0.982443947332385	0.852964268596071	1.13157859618046
TNFAIP8	0.934357644953525	0.994213910978952	0.865981720444146	1.14143437147507
SLC8A1	0.366732794790946	0.935802293465782	0.810237086273512	1.08082676946263
KCNK13	0.790502040011458	0.981765786873275	0.85712492389381	1.12453159791012
MPP1	0.732595191118922	0.975575703224918	0.846561183532773	1.12425182164751
IL21R	0.0981586031327303	0.882256297383478	0.760535441787748	1.02345812108785
NAALADL1	0.0565984080122926	0.867655413768114	0.749829097572343	1.00399667001251
RNASE2	0.300989908654561	1.07801457107871	0.934981063167461	1.24292936107292
PIK3CD	0.0707595604733205	0.878715701754892	0.763737442948761	1.01100357412016
FUT7	0.103601536735839	0.884945655980572	0.763826685317879	1.02527029899849
RASSF4	0.0450191863973142	0.861984638035627	0.745472011856	0.996707461034682
INPP5D	0.184273994466604	0.906162133425206	0.783489740191574	1.04804156319002
PLA2G15	0.227230061555944	0.913340395860374	0.788378112637172	1.05810989084916
PSTPIP1	0.0352323952969678	0.852495322633539	0.734818593245897	0.989017264658225
GPR84	0.777967865078593	0.979954896524098	0.851293885018084	1.12806119733981
CD69	0.01104847836902	0.825005512998869	0.711248134906037	0.956957302346312
CTSO	0.885075315707466	0.989556066337945	0.858245591029855	1.1409568760513
GIMAP7	0.0428240965043835	0.861960470324094	0.746551235395564	0.995210800244223
TLR1	0.618132098019609	0.963643617961055	0.833067716217349	1.11468612258021
PTPN7	0.0797702557925227	0.878765379750896	0.760473850835061	1.01545712821127
SAMD9L	0.370837164217877	1.07117820754977	0.921426223082987	1.24526817620883
ADRB2	0.00646223180813932	0.812363996092584	0.699518816016056	0.943413167791564
CALHM2	0.843291887880876	0.98593745244499	0.856777878693612	1.13456787845165
HLA-DQB2	0.00994518166656007	0.827749765654994	0.716925493934172	0.9557055514681
RGL1	0.0195474232893312	0.848500088919702	0.739199042004757	0.973962843545067
CD1D	0.00340361283992753	0.803315633173689	0.693799482445237	0.930118892892343
PEA15	0.682601677697713	1.03069623161687	0.891649707592289	1.19142608675085
TNFSF12	0.0604967811163149	0.87526865902375	0.761606061962036	1.00589433794111
CYP2U1	0.025965083038133	0.849688619967442	0.736197773212721	0.980674999533808
GYPC	0.335023185583176	0.931144370768253	0.805427969668217	1.07648339996259
HIVEP3	0.835316915147913	0.984517632425343	0.849834937707823	1.14054497591113
MCOLN2	0.0198893469230513	0.840269616119512	0.725767928245359	0.972835806454839
APOBEC3G	0.796395399579498	0.980895811301816	0.847203205913398	1.1356857314912
TMEM150B	0.764104410198843	0.97817946569959	0.846916754964586	1.12978644182845
B2M	0.513588401814293	1.04828917803162	0.909980459884747	1.20761955802589
ATP6V0D2	0.0658490350469118	0.864283336200885	0.73988158924312	1.00960166612428
CEACAM21	0.0101806123838357	0.822538876815987	0.708667959673043	0.954706918294788
ABCA6	0.0183531142659864	0.822750690137146	0.699603305727201	0.967575042284181
EPB41L2	0.796891177002606	1.01944130390618	0.880403058250849	1.18043725810618
BTN2A2	0.000727401329344325	0.778764019311421	0.673623695254939	0.900314822720948
APOL3	0.949141256164371	1.00491842310751	0.864283587974851	1.16843713238515
C16orf54	0.0158175866663954	0.830376808981464	0.714017726118041	0.965698216825848
CEACAM4	0.443278684420044	0.940908834863622	0.805235051384519	1.09944224857353
RASGEF1B	0.227442276058265	0.915085499613348	0.792283445296984	1.05692158099898
CRTAM	0.0404663361000491	0.851923686031402	0.730843367635422	0.993063628899728
SUSD3	0.0187240293519336	0.841065361706561	0.728051078774578	0.971622683195849
DDO	0.12729591490852	0.888823487981044	0.763881029239986	1.03420187509146
GPR132	0.182339155911348	0.907510558689992	0.786876548899096	1.04663865670679
GIMAP8	0.0469302984088045	0.862635597292773	0.745633894252308	0.997996710520857
ARRDC4	0.819717673491773	0.98244710243763	0.84366423068556	1.14405977399774
TRAF3IP3	0.00238227633462189	0.785351602233936	0.671989894592409	0.917836925963764
FLVCR2	0.300342327596314	0.925983665676345	0.800577281493281	1.07103432600541
IL2RA	0.826035092106159	0.983471794941265	0.847649928488305	1.14105686668307
AGRP	0.187435215261578	0.902691525515471	0.77523496243016	1.05110325221027
P2RY14	0.011320353218647	0.825610316483054	0.711818334267333	0.957593197405974
CTSZ	0.0284460276752034	0.859269991404894	0.750252261478794	0.984128880429689
UBA7	0.0902421128533116	0.885476152990748	0.769245067804673	1.01926947643996
CD1A	0.0413689795710129	0.852707545377534	0.731659560322371	0.993782077587305
MAF	0.903146517838578	0.990977971852308	0.856384283675363	1.1467250852408
CCR8	0.122304164014029	0.886873829963071	0.761601161630267	1.03275208849433
CAPG	0.425572220378193	1.06492812444527	0.912257118078197	1.24314942329375
HDC	0.0192159249047003	0.824818568425598	0.702005194188932	0.969117716579966
LILRB4	0.452133223205033	0.947997074015393	0.82479738428448	1.08959905725377
LILRB5	0.155738984609687	0.898229926970974	0.774515148875195	1.04170590191554
MYD88	0.460053382120314	1.05626847371036	0.913481757245594	1.22137424169102
FCER1A	0.0152358168959645	0.829019299612326	0.712512859004873	0.964576274580626
MAP3K3	0.0302518392169401	0.85594628902726	0.743602486163788	0.985263044881973
THEMIS2	0.0659800183854497	0.883036342089846	0.773374749305935	1.00824753090427
IFIT2	0.723990275490137	1.0271031798616	0.885427680516734	1.19144789043205
NOD2	0.219528189626086	0.912382692654086	0.788144643420204	1.05620482839582
MYO5A	0.951399218775783	0.995496138247875	0.860990306768961	1.15101477156625
KLHL6	0.0047080907288352	0.809835634023471	0.699638680505356	0.937389215902817
PREX1	0.362711913446936	0.934437967525047	0.80748881082741	1.0813454049693
RASSF5	0.0264538595020165	0.852686281866915	0.740749234507948	0.981538503738033
SUCNR1	0.502104135007089	0.946158020751442	0.804958799255318	1.1121252430068
TRANK1	0.736064808580451	0.974681898182701	0.839660520880089	1.13141535063395
DOK3	0.166324784323734	0.908635110899398	0.793354218017228	1.04066726565413
SIGLEC6	0.0109995327459801	0.803337605733604	0.678565920190984	0.951051754270481
HSD11B1	0.515780400495847	0.953277061362139	0.825172706589429	1.10126904157457
IRF5	0.321569727428429	0.930067554446241	0.805857969958146	1.07342197767001
MITF	0.499206618577957	0.952340773250648	0.826571010669757	1.09724746777745
CTSC	0.590647167298603	1.04111457612299	0.898955888884068	1.20575389072904
KCNJ5	0.125405394618201	0.885229622033703	0.757430746947238	1.03459159386425
JAK2	0.884072748083041	0.989121494647509	0.853876369347669	1.14578803945723
CD2	0.0160500597450877	0.830976960805853	0.714715577138803	0.966150356138141
APOL4	0.890796349978232	1.01037204735417	0.871984269840846	1.17072257996235
FGD3	0.00368498878275115	0.798243638060259	0.685620023065473	0.929367410908927
EGR2	0.0553480013654873	0.869104014247709	0.752921742527078	1.00321420529879
C1orf54	0.399528379097979	0.94176100548759	0.819057934192643	1.08284622421885
SIRPB1	0.843674877668927	0.985528901926468	0.852604920138268	1.1391761806569
CCR7	0.0227762629507756	0.840366423346118	0.723533561189533	0.976064917191243
IL3RA	0.135503223266901	0.898815763824854	0.781341179710768	1.03395264230039
CYTIP	0.0293869081262505	0.853736577076395	0.740508626024233	0.984277721316197
COTL1	0.284948845304358	1.08310234397266	0.93566516038336	1.25377190173292
MS4A14	0.0273721545103165	0.838343725640039	0.716787156590107	0.980514502608376
RUNX3	0.817940509176305	0.983356650380554	0.852413412443135	1.13441469565353
SCARF1	0.0112432731483986	0.814146863069603	0.694484910751736	0.954426949217079
NPL	0.170064198151398	0.901946258048494	0.778312663551701	1.0452188310741
RAB8B	0.723548906315183	1.02604876207049	0.889786929455453	1.18317771063537
EBI3	0.458591120851513	1.05771349476868	0.911860949130691	1.22689521695422
TGFBI	0.0497972543063473	1.15073747290171	1.00012436087413	1.32403207375416
CCL2	0.622086658177622	0.964666878495489	0.836093864035959	1.11301162045869
MATK	0.362306247121089	0.930807299629284	0.797740930844691	1.08606966941732
CD40LG	0.000503366346003101	0.755604883620984	0.645251266455419	0.884831645954355
IFI16	0.831205275290726	1.01603197592912	0.877797286524766	1.17603573394199
CCL18	0.577788992586076	0.9598497556935	0.830878004883748	1.10884094667276
NAAA	0.463857659185655	0.946505913673354	0.817027942072619	1.09650282259135
PIK3IP1	0.0372612228485745	0.8539917394803	0.736127006850682	0.990728344855471
P2RY10	0.0285668037690245	0.849667322480981	0.73436591428895	0.983071987472367
CLEC2B	0.715590831243308	0.974535870924745	0.848279150306164	1.11958447095661
FOXP3	0.438072268500299	0.944304026611575	0.816971259411814	1.09148282072594
CORO1C	0.100510849941338	1.1298315368066	0.976672410276677	1.30700866342805
CTSB	0.44383154091276	1.05752221054098	0.916471141377387	1.22028198739208
LTA	0.0991373442239156	0.883562186710687	0.762671873132635	1.02361469628919
RASAL3	0.0286888887191596	0.84421649171388	0.725378641157428	0.982523394601874
BTN3A1	0.437702534583585	0.942260878574173	0.810851231901603	1.09496727434104
TRIM14	0.669700474251707	1.03261442685428	0.891034808145242	1.19669012343879
TNFRSF9	0.626358449574487	1.0370740344546	0.895702653516854	1.20075847572522
RASGRP2	0.00482389609233809	0.790521097115224	0.67131269948365	0.93089793395079
ETS1	0.339984620349564	1.07535737464569	0.926278970835243	1.24842895025688
CHIT1	0.00465557998486	0.799706354548009	0.685018334869629	0.93359581919246
SNX10	0.189791279740768	1.10018668828263	0.953856060938625	1.2689658310534
PPP1R18	0.234571198263479	1.09038191201431	0.945401043759098	1.25759615128047
TNFRSF1B	0.321259401284419	0.930888587887065	0.808051171982484	1.07239936417932
UBASH3B	0.157899990155514	1.11668073561857	0.958093446638532	1.30151799876791
SRGN	0.167179655091095	1.10470400630195	0.95914470315151	1.27235331387405
JAZF1	0.444083623956252	0.945978746990277	0.820566694523968	1.090558263855
SIGLEC10	0.672963861137025	0.968910261156779	0.836740252899227	1.12195760981032
C11orf21	0.00370511492740495	0.778228597954563	0.657004992229448	0.921819100063725
PIP4K2A	0.261883831158596	1.08463544855999	0.941121269167594	1.25003450120033
ITK	0.0184631840878798	0.828617162468631	0.70866002399517	0.96887982768765
SERPING1	0.83198717483515	1.01620798358436	0.875940086634566	1.17893755709735
FNBP1	0.324298609899676	0.930691724277566	0.806820877659477	1.07358040628731
TBC1D10C	0.00972756574329475	0.817137916545595	0.70114290952487	0.952322794091939
QKI	0.941582759614844	1.00527270357678	0.873371473385167	1.15709436288273
LRRK1	0.859524641018072	1.01321293085409	0.876128576580653	1.17174632889678
LPAR6	0.015609891180577	0.840036898154128	0.72934741896548	0.967525176494534
LTB	0.0346195950198924	0.854833218556482	0.7390771210065	0.988719324111247
SDC3	0.414988435504869	1.0647280751258	0.915682900979309	1.23803324573241
RGS10	0.560058754841475	1.04379280990537	0.903668718455082	1.20564473214562
PLEKHO1	0.515364107669713	0.953090401959344	0.824642407341456	1.10154571996307
SH2D1A	0.0460999734428376	0.857603465727739	0.737441336029056	0.99734537310945
CD207	0.0229318643845425	0.835474503301074	0.715589747230444	0.975443888579627
NLRP1	0.000804065299719351	0.767149288542413	0.65698466476863	0.895786557085604
SLAMF1	0.00166215400744007	0.784333106904773	0.67413760757079	0.912541320463709
ST8SIA4	0.32850621201581	0.930844242750272	0.80621187054993	1.07474354560209
GRAP2	0.00831134913712875	0.808494120845336	0.690419727818425	0.946761393256973
ADAMTSL4	0.623724348806872	1.03503843016227	0.901991122444455	1.18771074931366
IL1B	0.542006717900544	0.957228512793395	0.831755909391027	1.10162899398637
TMEM86A	0.0967367222340998	0.884949268983742	0.76608718724689	1.0222533697362
RAB32	0.17477511517779	1.10363520678347	0.957132231599415	1.27256258794737
FYN	0.176074304563501	0.905365037928409	0.783926952386976	1.04561509131336
DNASE2B	0.00371560398056084	0.779000425565274	0.658063123667786	0.922163301977143
SYK	0.352202724403888	0.933131907305532	0.806529944048675	1.07960673110372
TRAT1	0.0613918215754827	0.865393611379824	0.74375534005776	1.0069253453143
GBP2	0.073183310144832	1.14212391872284	0.987596348285878	1.32083016303461
LILRA5	0.71705487080014	0.974333455691784	0.846515164495294	1.12145147859967
AKNA	0.018233847737011	0.840380552742201	0.727404527563984	0.970903323618872
CD72	0.5705640344002	0.959585409821922	0.832100523467131	1.10660206642627
CD3G	0.0948046844751265	0.878533880027477	0.754700554333676	1.02268611560458
FCGBP	0.0440454366820809	0.855985761926761	0.735756081454508	0.995862138404413
BTN3A2	0.846006103710442	1.01559115698895	0.868788701943327	1.187199368324
STAP1	0.000288192072633467	0.756352909147383	0.650377829465267	0.879595978303962
GPSM3	0.0326002340710574	0.859089845968568	0.747378927994897	0.98749822319226
CD209	0.670207141669094	0.968706229762239	0.836842241330592	1.12134846119636
GM2A	0.556141443613635	1.04559355756297	0.901332337869739	1.21294426226965
UBE2L6	0.0483852938346849	1.16476234910052	1.00108265407851	1.3552041126224
CD244	0.14484889745239	0.889391610224298	0.759728207136768	1.04118476700835
AQP9	0.743739082385771	1.02380145641154	0.889134087344794	1.17886541194311
CD247	0.0442285041265119	0.856903178884125	0.73721717364489	0.996020011784771
PAPLN	0.0252267757643812	0.842337437198876	0.724814409541786	0.97891591111623
SLC11A1	0.546218260075898	0.958120330910671	0.833820064288961	1.10095044221224
SIT1	0.0220436650287104	0.838724941449177	0.72149961446091	0.974996400981498
LRMP	0.00467617258259293	0.785453649676891	0.664426433960293	0.928526326253325
VASH1	0.373598397356633	0.937041587698221	0.811986489713861	1.08135658437546
CD22	0.0114143790256452	0.819181991539736	0.701892312600752	0.956071356269031
CD3E	0.103185394800209	0.883553873216317	0.761318140250429	1.02541553340468
PALD1	0.42406076879893	0.942241028314853	0.814352211587939	1.09021396737984
SIGLEC8	0.0514111938437911	0.85728343319476	0.734241998407147	1.00094367582425
LGALS2	0.55632211464495	0.956530932268782	0.824893426382899	1.10917531298435
GPR137B	0.591114650072586	0.962184237435917	0.835946872933009	1.10748486147436
MAN1A1	0.384484650141682	0.939271899533695	0.81558832863653	1.08171202342794
RAB33A	0.55938929354222	0.958770341148911	0.832377779244614	1.10435500560937
PLA2G7	0.677999606867193	0.971686717552335	0.84848239915106	1.11278098168249
CD96	0.0946406009012763	0.873232795895631	0.744897864519233	1.02367794586155
RENBP	0.0300730309703577	0.846011645661588	0.727370342577415	0.984004519704282
ACAP1	0.00709712689021148	0.808722870833262	0.69291150660394	0.943890634771389
CD5	0.00190349822413486	0.789125897633287	0.67954750652835	0.916374022909554
ARL11	0.423561384896278	0.942987398366847	0.816707595366405	1.0887926578909
ITM2A	0.452825003282202	0.948132712914667	0.825047655663458	1.08958026258015
APOL6	0.363601554074677	1.07187418469232	0.922814437326511	1.24501115428835
TIAM1	0.962087513180943	1.00366970838137	0.862972686406358	1.16730563943713
ABCA1	0.565062306776485	0.960170873742476	0.836019771994817	1.10275873569783
HTRA4	0.0152370320269851	0.824688707827414	0.705797659082264	0.963606858235244
LCK	0.0425257245806341	0.855355498315514	0.735496498215873	0.994747126972511
STAB1	0.451161259015458	0.9463697508924	0.819954957047714	1.09227427397823
THEMIS	0.0315296721298763	0.842707201327014	0.720996138450102	0.984964258886328
TNS3	0.843559716708573	1.01497707568069	0.875657371947132	1.17646296046889
IL4I1	0.694007567620309	1.0293393958102	0.891238187855436	1.18883998262737
CCL19	0.123950713678851	0.89238195209627	0.771882383319164	1.03169286621466
CD3D	0.0368379742748284	0.855082013965564	0.738195211358812	0.990476826937868
DOCK4	0.0306119797148133	0.852843075037279	0.738245439891119	0.98522966934454
GBP1	0.0798577357532463	1.13893692986709	0.984636274664885	1.31741777506272
FPR2	0.557853157315214	0.958770720175765	0.832838022461583	1.10374558926764
OSM	0.996551428109354	0.999676992560212	0.863448907512471	1.15739805883048
CTLA4	0.0329445769941738	0.850376137213723	0.732697949444191	0.986954549676426
PDE6G	0.30152430760065	0.922697648006396	0.79209223783143	1.07483814254688
CD6	0.0129231594539688	0.825660277786011	0.709911782844161	0.960281137442851
MAP4K1	0.021305331278237	0.838127745947101	0.721157592940557	0.974070196865098
ZBED2	0.724981850327528	1.02810783432042	0.880987863777095	1.19979600452075
GPR174	0.0086027693837818	0.805777227247631	0.685891479886529	0.946617590377846
IL22RA2	0.110721101643294	0.881521745847932	0.754975301006067	1.02927948419937
PPP1R16B	0.0605857804366682	0.868698979823241	0.749928460684707	1.00627987482557
IQGAP2	0.0862070846847482	0.877760550560488	0.756297400534518	1.01873096955737
PYHIN1	0.0340811818910212	0.842846952031873	0.719571142856676	0.987242181126368
NLRC3	0.0098202984136014	0.809273536753432	0.689182408118772	0.950290735187396
C1R	0.904120485168193	1.00912607178331	0.870461490404561	1.16987993148271
SAMD9	0.00638954594158516	1.23897174282196	1.0621308932536	1.44525593715574
HS3ST3B1	0.830932938220967	1.01651205453715	0.874621068749215	1.18142221121775
TIGIT	0.276141335798098	0.919792564146141	0.791300210384525	1.06914967284972
CARD9	0.132081766632738	0.889885067935816	0.764526816510599	1.03579811333427
PLEKHA2	0.908624309522399	0.991412768536051	0.855645233472729	1.14872290426619
PSMB9	0.161466060552125	1.10596813027028	0.960530109924531	1.2734275506154
ATP10D	0.167860060019156	1.11327930821649	0.95580957423728	1.29669219843502
SLAMF6	0.0735447080801208	0.873025843917575	0.752374795247908	1.01302453107411
SERPINB9	0.157364710571791	1.11268670984034	0.959609146445192	1.29018331978356
NCR3	0.0106254312210114	0.820344135340262	0.704719111609068	0.954940045333238
TNFAIP3	0.261835067949534	1.08677506909668	0.939750936289096	1.25680114294321
CXCR6	0.0137108573886617	0.820315655263674	0.700775476046536	0.960247322105183
CLEC2D	0.0171444125284736	0.832921723410791	0.716670033432298	0.968030704461064
RASGRP1	0.563312995860454	0.955741421635324	0.819723792604117	1.11432859857302
CXCR4	0.0454644381333237	0.864404073906592	0.74939484794926	0.997063704175484
TLR10	0.00278663417548054	0.778963319017951	0.661323411936723	0.917529670692379
TMC8	0.397096398091986	0.937131920212782	0.806368256196284	1.08910070446514
LPAR5	0.252596218925916	1.09484423910193	0.937423066344068	1.27870110191499
PTPRJ	0.901022395542252	0.990917591499797	0.858207913760698	1.14414893803642
IL15RA	0.0995081257260655	1.13608435577353	0.976069114209955	1.32233224537388
PTK2B	0.12076932338615	0.891520969305014	0.771145585665591	1.03068688129043
GBP4	0.673688866109474	1.03307144948211	0.88789311597024	1.20198771737165
AIM2	0.875958180475434	1.01171134630127	0.874106866578024	1.17097792886787
MAN1C1	0.0519901978802187	0.86147719563554	0.741189776746128	1.00128601592177
PLCL2	0.140033027030381	0.894259660907639	0.770900363904445	1.03735888393713
KLRB1	0.00331045135625939	0.795959961196704	0.683533802496037	0.926877730866766
S1PR4	0.0428465691304321	0.855281383058708	0.735199214016834	0.994976912733842
CXCR3	0.290340859469322	0.921156818974754	0.791082477845795	1.07261873307361
EPSTI1	0.0270556718149118	1.17961021199004	1.01891258212465	1.36565224204972
IL2RB	0.260788804624482	0.91763636630348	0.789966133349401	1.06594000073445
PLCB2	0.0234579302283794	0.841680622630253	0.725104960281124	0.97699824069138
HAPLN3	0.283339048887764	1.08300992752957	0.936188245637887	1.25285754076993
SIRPG	0.232871999507725	0.913396191926055	0.787093535902624	1.05996627512417
BCL11B	0.132526041460693	0.887160002911768	0.759013444071816	1.03694193681758
FCRL3	0.0172036528636012	0.815610519724781	0.68969778658577	0.964510156221882
CST7	0.139473343875002	0.895820492481707	0.774196374109551	1.03655142491873
CCND2	0.118619456376941	0.889318916526686	0.767500110546998	1.0304729920215
CXCL10	0.722909806882302	1.027401672227	0.884797360158149	1.19298976649995
ADAM19	0.0774048710688405	1.14419682796006	0.98530967540735	1.3287054961402
SLA2	0.178647502188479	0.899931615191793	0.771754488727402	1.04939708657499
EPB41L3	0.850928031178931	0.986447153947843	0.85559822906564	1.13730715477807
IL18BP	0.937341353390563	1.00594922939242	0.867659345669668	1.16628012729372
TBX21	0.473953192151482	0.944064898245284	0.806451629458377	1.10516055711545
SLAMF7	0.21795954997768	0.912694860127448	0.789236157006267	1.05546597214051
SP140	0.271642673306623	0.91653959702885	0.784637645139106	1.07061500060054
BST1	0.404055925225633	0.940283486172173	0.813663891283695	1.08660718982284
CCDC69	0.011469411300735	0.829112492649945	0.716994526036855	0.958762585354618
APOE	0.81184714048742	1.0174353694821	0.882466797207346	1.17304666232101
HMOX1	0.348233516410825	1.06890061998741	0.92998029368946	1.22857284521234
ZAP70	0.0167488251681907	0.823621380789407	0.702556611942915	0.965548067389861
EOMES	0.146469467430117	0.889748164180968	0.759961137323714	1.04170036700994
DUSP2	0.0376662219384188	0.854676734625689	0.737041773402883	0.991086729505002
SPIB	0.0179002106130578	0.821523007711562	0.698138961042065	0.966713061239374
RGS1	0.129646006299336	0.894635602260093	0.774660078285179	1.03319234237941
NLRC5	0.863532607312397	0.987375551835658	0.854208643762829	1.14130252307943
P2RY8	0.0028557069757901	0.798484658355687	0.688728884538005	0.925731102532575
BANK1	0.039469736738148	0.858670443203926	0.742751842845357	0.99268004130087
WDFY4	0.00140188957994342	0.774524736931513	0.662138079525008	0.905987114574602
BIRC3	0.000532431466914574	1.31300888889656	1.12550778992141	1.53174625512076
IKZF3	0.000473929593167955	0.75780601101449	0.648659434893843	0.8853181183184
TNFAIP2	0.86896071923896	1.01166134576842	0.881489189449704	1.1610564154064
CXCL11	0.324537639599346	1.07623624651146	0.92988411341828	1.24562237550998
PARP15	0.000878349632269706	0.763248892863574	0.65093950613709	0.894935500096663
TGM2	0.374134095218376	1.06854898881144	0.923197019302146	1.2367857755358
C1S	0.973525979898963	1.0026833095033	0.855916445087578	1.17461678055925
GBP5	0.687642168452665	0.969682663417609	0.83454774377986	1.12669943060885
PDCD1	0.921065987720329	0.992423562115883	0.853821208696691	1.15352548825319
TAP1	0.0243459266073141	1.17860769937764	1.02151498008757	1.35985877457535
PRF1	0.778593359704002	0.978388704018699	0.840165698700047	1.13935198453412
ETV7	0.753609748459623	1.02388339327021	0.88357589546234	1.18647103027404
TCL1A	0.0677341987544911	0.869369173729572	0.748127731126418	1.01025898223725
VNN2	0.788074927808351	0.98040029180204	0.848640785148594	1.13261670778317
SPOCK2	0.114082191153123	0.884093824007798	0.758813371487873	1.03005813948183
CCL8	0.919831685628881	1.00767496567574	0.8682764451431	1.16945339486003
GPR171	0.166858470715869	0.889965897288006	0.754385627904038	1.04991302728848
SEMA7A	0.00817281624485408	1.22221141878372	1.05333498706397	1.41816304456864
BATF2	0.0790578553664247	1.14648625325891	0.984262424356816	1.33544743392048
CCL5	0.570905995921376	0.956651057314241	0.820711878657608	1.11510661568267
MS4A1	0.000875912498276687	0.765288794547274	0.653730330505419	0.895884605211482
CD8A	0.369001582123339	0.932682242350573	0.801124922392542	1.08584334462866
CXCL9	0.688156383693763	0.968819797556293	0.829971319740508	1.13089666812882
IRF4	0.00478469006388875	0.800948990667029	0.686493044505301	0.934487670028504
GZMA	0.344619254142867	0.928759772586468	0.796781704700147	1.0825985462348
CTSW	0.0454956262269292	0.857115635123814	0.736920539540933	0.996915098107252
PLA2G2D	0.226874379205524	0.911929310128483	0.785277002386725	1.05900855894652
NKG7	0.956166019530698	1.00425060712792	0.863288886119806	1.16822919665947
IDO1	0.920168664076177	0.992546931629959	0.857459091885428	1.14891709798288
FDCSP	0.00951958045854506	0.823113619138717	0.710483308440576	0.953598799525217
CXCL13	0.129756144668261	0.895044792685604	0.775440928846	1.03309633411511
